 <pre>

 Contingency table for Cloud cover (octas)
 Selection: masl_0-200m    525 stations
Period: 20190801-20190818
Used {00,03,...,21} + 00 01 02 03
 Limits   0.500000000       1.50000000       2.50000000       3.50000000       4.50000000       5.50000000       6.50000000       7.50000000    
 Each class is data <= limit, the very last > last limit
 Total number of values      220907
                                                       OBSERVATION
                                  19442     5962     4471     3596     2459     2848     2910     4835     4043 |     50566
                                   2132      959      865      923      695     1027     1122     2118     1779 |     11620
                                   1269      603      482      559      458      729      779     1328     1164 |      7371
                                    911      444      411      439      358      537      678     1193      975 |      5946
            Exp_ew_c43_ref_25D      953      459      347      413      344      530      616     1211     1024 |      5897
                                    945      490      349      404      416      557      637     1411     1208 |      6417
                                   1260      598      440      585      453      726      881     1923     1720 |      8586
                                   1925      875      668      777      648     1094     1442     3393     3287 |     14109
                                   6552     3920     2476     3595     2890     5503     7685    31248    46526 |    110395

                    SUM           35389    14310    10509    11291     8721    13551    16750    48660    61726 |    220907
                                                       OBSERVATION
                                  19529     5974     4530     3568     2477     2937     2883     4855     4071 |     50824
                                   2187     1061      824      939      711     1004     1171     1997     1733 |     11627
                                   1160      506      489      553      445      681      770     1450     1226 |      7280
                                    957      425      436      474      397      573      677     1242     1057 |      6238
             Exp_ew_c43_ps_25D      903      413      364      428      366      534      654     1166     1029 |      5857
                                    855      469      367      416      357      530      604     1426     1207 |      6231
                                   1272      552      416      522      485      736      887     1887     1767 |      8524
                                   1904      994      632      842      695     1099     1458     3487     3254 |     14365
                                   6622     3916     2451     3549     2788     5457     7646    31150    46382 |    109961

                    SUM           35389    14310    10509    11291     8721    13551    16750    48660    61726 |    220907
                                                       OBSERVATION
                                  18949     6033     4591     3736     2606     3039     3144     5435     4619 |     52152
                                   2145     1018      762      871      667     1057     1189     2173     1847 |     11729
                                   1163      523      503      492      435      659      738     1392     1220 |      7125
                                   1053      472      384      421      352      598      613     1220     1052 |      6165
  Exp_ew_c43_ps_netatmo_v1_25D      881      411      371      451      364      479      647     1253     1066 |      5923
                                    918      424      365      452      354      541      629     1280     1223 |      6186
                                   1193      520      430      507      466      663      827     1786     1700 |      8092
                                   1952      901      597      821      668     1082     1416     3316     3225 |     13978
                                   7135     4008     2506     3540     2809     5433     7547    30805    45774 |    109557

                    SUM           35389    14310    10509    11291     8721    13551    16750    48660    61726 |    220907
                                                       OBSERVATION
                                  18962     6080     4474     3678     2614     3090     3179     5650     4709 |     52436
                                   2138      993      787      940      678     1038     1143     2108     1794 |     11619
                                   1261      589      509      480      434      649      768     1387     1228 |      7305
                                   1028      469      396      449      375      601      601     1246     1095 |      6260
     Exp_c43_NetAtv3_25D_ver01      866      382      346      435      372      510      603     1207     1107 |      5828
                                    976      496      369      424      359      528      623     1439     1231 |      6445
                                   1196      547      438      515      409      696      849     1821     1726 |      8197
                                   1899      778      680      854      698     1043     1381     3411     3121 |     13865
                                   7063     3976     2510     3516     2782     5396     7603    30391    45715 |    108952

                    SUM           35389    14310    10509    11291     8721    13551    16750    48660    61726 |    220907
                                                       OBSERVATION
                                  19366     5925     4427     3499     2404     2749     2867     4834     3921 |     49992
                                   2136     1029      890      903      712     1063     1201     2052     1774 |     11760
                                   1215      551      481      563      449      678      754     1426     1210 |      7327
                                    969      458      423      449      421      594      662     1214     1003 |      6193
        iobs_varbc_cstart_mode      903      402      365      443      342      547      584     1280     1108 |      5974
                                    948      507      358      477      390      610      714     1341     1214 |      6559
                                   1274      616      444      537      427      633      868     1891     1646 |      8336
                                   1955      974      667      840      729     1105     1413     3331     3322 |     14336
                                   6623     3848     2454     3580     2847     5572     7687    31291    46528 |    110430

                    SUM           35389    14310    10509    11291     8721    13551    16750    48660    61726 |    220907

