 <pre>

 Contingency table for Cloud cover (octas)
 Selection: ALL    593 stations
Period: 20190801-20190818
Used {00,03,...,21} + 00 01 02 03
 Limits   0.500000000       1.50000000       2.50000000       3.50000000       4.50000000       5.50000000       6.50000000       7.50000000    
 Each class is data <= limit, the very last > last limit
 Total number of values      247917
                                                       OBSERVATION
                                  20950     6333     4796     3879     2652     3093     3170     5284     4827 |     54984
                                   2304     1039      933      986      757     1114     1237     2318     2071 |     12759
                                   1354      640      515      616      492      783      874     1450     1402 |      8126
                                   1006      472      445      478      398      582      745     1297     1177 |      6600
            Exp_ew_c43_ref_25D     1013      492      383      448      371      577      665     1331     1216 |      6496
                                   1015      522      361      437      442      589      698     1562     1432 |      7058
                                   1342      640      474      622      481      787      964     2094     2041 |      9445
                                   2086      956      721      839      696     1184     1570     3716     3853 |     15621
                                   7054     4214     2729     3903     3149     5991     8506    34542    56740 |    126828

                    SUM           38124    15308    11357    12208     9438    14700    18429    53594    74759 |    247917
                                                       OBSERVATION
                                  21025     6353     4877     3839     2689     3168     3160     5282     4814 |     55207
                                   2348     1142      886     1004      757     1096     1286     2192     2051 |     12762
                                   1276      546      523      603      482      733      833     1596     1458 |      8050
                                   1023      451      466      513      428      618      732     1364     1250 |      6845
             Exp_ew_c43_ps_25D      970      441      396      456      385      587      699     1282     1200 |      6416
                                    932      500      389      459      381      568      674     1575     1439 |      6917
                                   1365      598      447      558      514      794      956     2076     2076 |      9384
                                   2058     1060      698      909      760     1181     1586     3822     3835 |     15909
                                   7127     4217     2675     3867     3042     5955     8503    34405    56636 |    126427

                    SUM           38124    15308    11357    12208     9438    14700    18429    53594    74759 |    247917
                                                       OBSERVATION
                                  20387     6434     4925     4029     2813     3287     3441     5881     5383 |     56580
                                   2323     1090      811      931      716     1150     1296     2368     2132 |     12817
                                   1275      568      538      535      468      717      831     1508     1455 |      7895
                                   1123      491      425      457      380      646      663     1346     1258 |      6789
  Exp_ew_c43_ps_netatmo_v1_25D      946      440      406      472      384      510      720     1380     1251 |      6509
                                    990      452      403      493      368      574      679     1416     1464 |      6839
                                   1272      559      463      553      502      728      896     1946     2030 |      8949
                                   2118      975      659      868      723     1162     1540     3631     3819 |     15495
                                   7690     4299     2727     3870     3084     5926     8363    34118    55967 |    126044

                    SUM           38124    15308    11357    12208     9438    14700    18429    53594    74759 |    247917
                                                       OBSERVATION
                                  20318     6475     4822     3975     2825     3348     3490     6122     5568 |     56943
                                   2287     1061      839      991      705     1135     1243     2307     2098 |     12666
                                   1368      631      551      520      473      698      828     1554     1464 |      8087
                                   1119      491      420      479      402      649      665     1369     1314 |      6908
     Exp_c43_NetAtv3_25D_ver01      927      407      380      473      405      536      645     1304     1297 |      6374
                                   1039      518      403      445      385      553      672     1573     1408 |      6996
                                   1297      578      463      555      436      743      917     1994     2032 |      9015
                                   2045      848      733      901      744     1106     1508     3740     3697 |     15322
                                   7724     4299     2746     3869     3063     5932     8461    33631    55881 |    125606

                    SUM           38124    15308    11357    12208     9438    14700    18429    53594    74759 |    247917
                                                       OBSERVATION
                                  20792     6306     4761     3773     2600     2978     3129     5234     4630 |     54203
                                   2347     1096      951      971      760     1143     1311     2247     2063 |     12889
                                   1325      594      522      612      480      733      820     1564     1419 |      8069
                                   1054      482      449      475      465      645      709     1329     1231 |      6839
        iobs_varbc_cstart_mode      961      445      398      460      366      590      636     1380     1312 |      6548
                                   1025      535      381      512      415      647      783     1502     1445 |      7245
                                   1370      648      476      584      461      682      950     2072     1980 |      9223
                                   2099     1054      731      904      773     1197     1531     3655     3930 |     15874
                                   7151     4148     2688     3917     3118     6085     8560    34611    56749 |    127027

                    SUM           38124    15308    11357    12208     9438    14700    18429    53594    74759 |    247917

